timestamp,x,y,z
00.015,9.54,15.179999,-31.08
00.036,10.08,15.179999,-31.26
00.074,12.24,14.34,-30.96
00.115,12.78,13.0199995,-31.199999
00.157,14.5199995,10.26,-30.359999
00.174,14.46,9.24,-29.82
00.216,14.7,6.24,-30.72
00.249,14.639999,3.9599998,-31.38
00.270,15.9,1.56,-30.72
00.310,16.8,-0.84,-30.24
00.350,16.859999,-3.12,-29.76
00.371,17.4,-4.38,-28.68
00.414,16.98,-6.54,-29.039999
00.454,17.64,-7.5,-27.96
00.476,18.42,-7.98,-27.779999
00.514,18.539999,-8.88,-27.84
00.555,19.32,-7.74,-28.26
00.573,19.439999,-5.58,-27.779999
00.614,19.68,-1.02,-28.32
00.653,19.859999,-0.35999998,-28.019999
00.673,20.4,-0.42,-28.08
00.715,20.4,0.96,-27.599998
00.753,21.539999,2.22,-27.779999
00.773,21.84,2.46,-26.939999
00.812,22.68,1.92,-27.9
00.851,22.56,3.6599998,-26.88
00.890,22.08,3.72,-28.38
00.910,22.5,3.8999999,-27.66
00.953,22.8,3.36,-27.539999
00.990,23.16,4.3199997,-27.18
01.010,22.8,4.02,-27.18
01.049,22.8,3.72,-27.66
01.090,23.82,3.72,-28.019999
01.110,23.58,4.08,-28.68
01.149,22.38,4.08,-27.9
01.189,23.16,5.1,-28.08
01.233,23.039999,5.7,-27.48
01.249,22.38,5.58,-28.08
01.290,23.34,5.94,-27.72
01.329,23.279999,6.2999997,-28.26
01.351,24.0,7.08,-27.42
01.390,25.08,6.54,-26.16
01.430,24.779999,7.9199996,-26.82
01.450,25.199999,7.74,-26.039999
01.490,26.16,8.22,-24.72
01.530,26.34,9.179999,-25.5
01.550,26.099998,8.82,-24.06
01.591,25.5,8.76,-25.14
01.631,26.4,8.7,-24.96
01.653,25.5,8.58,-24.84
01.690,25.68,8.58,-25.26
01.732,25.92,8.88,-24.539999
01.751,25.859999,8.88,-24.359999
01.793,26.039999,8.82,-24.66
01.835,26.76,9.42,-23.88
01.858,26.279999,9.78,-24.24
01.894,27.0,9.059999,-23.58
01.934,26.4,9.9,-23.76
01.955,27.119999,9.78,-23.34
01.995,27.3,10.44,-24.0
02.017,27.24,10.32,-23.1
02.054,27.359999,10.62,-23.1
02.096,27.0,10.92,-23.46
02.134,26.76,10.139999,-22.199999
02.153,26.76,10.08,-22.859999
02.192,26.699999,10.62,-23.58
02.231,26.939999,10.92,-23.16
02.252,27.06,11.04,-22.92
02.290,27.779999,11.58,-22.8
02.332,28.019999,11.7,-22.56
02.372,27.06,12.179999,-22.199999
02.389,26.76,11.58,-22.32
02.431,27.42,12.54,-21.72
02.471,27.06,12.059999,-21.539999
02.490,27.48,11.88,-21.66
02.524,27.24,11.88,-22.26
02.572,27.119999,11.82,-21.84
02.592,27.0,11.94,-21.9
02.633,27.18,11.94,-21.42
02.674,27.779999,11.7,-22.26
02.693,27.66,11.46,-22.619999
02.735,27.72,11.34,-22.619999
02.775,27.539999,11.46,-22.32
02.795,27.48,11.34,-22.32
02.834,27.06,11.28,-22.56
02.875,26.16,10.8,-23.34
02.897,25.68,10.62,-23.46
02.936,25.98,11.46,-24.0
02.958,25.98,10.86,-23.58
02.998,24.539999,10.679999,-23.699999
03.037,25.98,11.28,-24.359999
03.078,25.32,11.219999,-24.66
03.096,24.84,11.7,-24.24
03.138,25.8,11.28,-24.3
03.159,26.519999,10.98,-24.66
03.198,26.76,11.099999,-23.58
03.235,26.76,11.28,-23.1
03.273,25.859999,11.94,-24.539999
03.294,25.8,11.639999,-23.34
03.334,25.8,11.759999,-23.58
03.374,25.68,12.78,-24.06
03.396,25.32,12.42,-24.18
03.436,25.38,12.24,-23.82
03.476,24.9,12.54,-23.58
03.497,25.14,12.599999,-23.58
03.538,24.06,13.32,-24.84
03.582,23.939999,13.259999,-23.699999
03.600,24.119999,13.5,-23.64
03.636,24.66,15.42,-23.22
03.679,23.4,15.66,-23.519999
03.699,22.56,16.98,-23.82
03.738,21.24,17.88,-24.42
03.778,19.199999,17.88,-25.98
03.800,18.3,17.82,-26.699999
03.835,17.76,17.52,-27.599998
03.874,16.199999,15.54,-28.32
03.916,15.059999,14.34,-28.26
03.939,14.58,13.679999,-28.619999
03.979,14.46,11.5199995,-29.4
04.000,14.28,10.26,-29.58
04.039,13.259999,8.94,-29.88
04.078,12.84,7.68,-29.279999
04.102,13.259999,7.44,-28.92
04.140,11.7,6.48,-28.56
04.182,12.059999,5.64,-28.8
04.221,11.099999,5.4,-28.859999
04.242,11.34,5.2799997,-28.26
04.275,11.28,4.62,-28.26
04.317,11.5199995,5.46,-27.539999
04.336,10.5,4.8599997,-27.539999
04.376,10.62,5.22,-29.039999
04.416,9.3,4.2,-28.26
04.456,8.5199995,2.6399999,-27.779999
04.477,8.46,2.28,-28.26
04.518,7.2599998,2.1599998,-28.92
04.540,6.72,2.46,-29.22
04.582,3.24,3.06,-30.0
04.619,3.3,3.9599998,-29.699999
04.640,3.3,4.38,-29.46
04.679,4.2,4.14,-29.76
04.722,5.1,4.14,-30.06
04.738,4.98,4.38,-30.359999
04.782,5.22,3.78,-29.16
04.818,5.94,4.7999997,-29.279999
04.839,5.7599998,5.16,-28.619999
04.881,5.94,5.58,-28.8
04.918,5.94,6.0,-28.38
04.961,6.6,7.68,-27.96
04.979,6.54,8.5199995,-27.84
05.021,7.7999997,9.059999,-27.9
05.059,7.9199996,10.139999,-26.34
05.078,7.9199996,10.62,-26.46
05.117,7.74,12.36,-26.88
05.155,7.3199997,11.759999,-27.359999
05.176,7.5,12.179999,-27.0
05.215,8.5199995,12.42,-26.76
05.255,8.16,13.139999,-26.699999
05.297,9.42,13.0199995,-25.92
05.317,9.66,13.32,-25.98
05.356,9.96,13.139999,-25.32
05.378,10.5,13.62,-25.439999
05.419,10.44,13.44,-24.48
05.461,11.5199995,13.32,-25.199999
05.481,12.179999,13.2,-24.48
05.520,13.0199995,14.639999,-23.88
05.562,14.46,14.04,-23.4
05.580,15.179999,14.46,-22.5
05.622,16.68,16.92,-20.16
05.662,17.82,17.94,-18.9
05.683,17.64,18.72,-18.3
05.718,16.44,19.38,-18.0
05.756,16.5,19.56,-18.72
05.796,15.24,19.5,-18.779999
05.815,14.94,19.26,-18.72
05.859,14.82,19.74,-18.6
05.898,14.34,19.619999,-19.26
05.919,13.86,19.02,-19.38
05.960,13.08,20.46,-20.279999
05.982,12.3,20.76,-19.38
06.021,10.92,20.34,-19.8
06.062,9.9,20.1,-18.779999
06.102,8.88,19.859999,-18.9
06.121,8.46,20.82,-19.5
06.160,6.3599997,20.64,-19.439999
06.198,5.46,19.68,-18.48
06.217,4.14,19.74,-18.359999
06.255,1.92,19.5,-18.539999
06.296,0.29999998,19.56,-17.039999
06.338,-0.65999997,19.199999,-16.199999
06.357,-1.14,18.96,-16.08
06.396,-2.28,19.199999,-15.24
06.435,-2.22,19.68,-12.719999
06.456,-1.74,21.0,-11.219999
06.496,-1.9799999,24.48,-9.12
06.537,-3.3,28.32,-2.28
06.559,-5.1,29.34,0.42
06.597,-6.54,31.199999,3.48
06.642,-5.58,33.78,2.1599998
06.658,-4.08,35.04,2.1599998
06.700,-2.82,37.62,1.14
06.742,-2.7,39.239998,2.04
06.762,-4.2,39.42,3.06
06.801,-6.6,38.82,5.22
06.838,-8.94,36.54,7.02
06.858,-10.08,33.96,8.88
06.899,-11.46,30.3,9.78
06.922,-11.88,30.539999,8.7
06.960,-16.859999,33.18,4.44
07.002,-24.6,34.92,-3.84
07.038,-31.14,28.619999,-12.179999
07.061,-33.48,24.18,-14.04
07.098,-35.52,16.68,-16.92
07.140,-35.399998,10.559999,-20.46
07.161,-34.98,8.88,-22.08
07.202,-33.84,6.96,-23.46
07.240,-34.02,5.94,-25.019999
07.278,-33.12,4.02,-27.18
07.297,-31.98,1.14,-27.72
07.337,-31.32,-5.04,-27.9
07.377,-32.1,-9.12,-26.16
07.397,-32.64,-9.66,-26.699999
07.438,-33.0,-8.88,-26.279999
07.478,-33.54,-9.36,-26.279999
07.497,-32.88,-9.36,-25.619999
07.537,-33.66,-7.68,-26.82
07.560,-33.3,-5.7,-27.96
07.599,-31.74,-0.9,-30.06
07.638,-30.119999,1.38,-30.119999
07.677,-28.619999,-0.78,-29.279999
07.698,-27.359999,-2.7,-29.099998
07.736,-24.24,-4.98,-32.579998
07.780,-21.539999,-6.18,-34.5
07.796,-21.06,-5.8199997,-34.02
07.836,-20.279999,-6.2999997,-34.38
07.876,-19.8,-4.98,-32.64
07.896,-19.859999,-5.3399997,-32.579998
07.935,-18.24,-6.72,-32.76
07.975,-16.8,-5.58,-34.32
08.016,-18.0,-6.42,-33.719997
08.036,-18.6,-6.54,-33.719997
08.077,-17.76,-6.72,-33.54
08.098,-16.74,-7.62,-33.899998
08.138,-15.719999,-9.0,-34.02
08.177,-14.639999,-12.059999,-32.46
08.216,-13.38,-14.639999,-32.34
08.236,-13.139999,-16.199999,-32.04
08.276,-12.3,-18.06,-30.24
08.318,-12.84,-19.08,-29.279999
08.337,-12.84,-19.74,-28.08
08.378,-11.94,-23.1,-26.58
08.416,-13.259999,-24.6,-24.72
08.436,-12.78,-26.279999,-23.88
08.476,-13.679999,-28.56,-21.24
08.517,-13.0199995,-30.599998,-18.72
08.537,-13.5,-30.119999,-17.1
08.576,-12.12,-30.42,-12.719999
08.618,-11.82,-31.14,-13.74
08.636,-12.24,-30.96,-14.46
08.677,-10.679999,-29.279999,-18.0
08.717,-10.139999,-28.199999,-19.38
08.737,-10.44,-28.08,-19.619999
08.776,-9.78,-28.8,-18.6
08.818,-9.719999,-29.519999,-17.22
08.857,-9.3,-29.88,-15.839999
08.876,-9.96,-29.46,-14.58
08.917,-9.12,-30.0,-15.36
08.956,-6.42,-32.04,-19.98
08.977,-5.4,-32.16,-21.42
09.016,-6.3599997,-30.9,-20.939999
09.056,-6.0,-31.5,-22.98
09.076,-6.7799997,-30.9,-23.34
09.117,-7.62,-30.0,-24.66
09.157,-7.56,-27.9,-24.66
09.176,-8.94,-27.119999,-24.96
09.218,-8.46,-26.939999,-26.34
09.257,-9.36,-26.16,-26.4
09.277,-9.36,-27.18,-27.3
09.316,-8.16,-27.359999,-26.699999
09.356,-6.6,-26.22,-27.359999
09.376,-6.48,-26.279999,-27.48
09.417,-4.68,-26.34,-27.96
09.458,-3.84,-25.74,-28.14
09.476,-4.02,-25.619999,-28.199999
09.517,-3.54,-25.14,-27.72
09.557,-4.08,-26.099998,-28.14
09.577,-3.6599998,-26.039999,-27.3
09.616,-3.72,-27.599998,-26.46
09.656,-3.0,-27.3,-26.699999
09.697,-3.8999999,-28.38,-24.3
09.717,-4.5,-29.099998,-23.88
09.757,-5.22,-29.82,-22.14
09.796,-6.24,-30.3,-20.52
09.817,-6.72,-30.599998,-20.1
09.857,-5.64,-32.1,-19.14
09.896,-6.48,-32.76,-17.76
09.916,-6.24,-32.88,-17.64
09.960,-6.3599997,-33.66,-16.08
09.987,-6.0,-34.02,-15.599999
10.017,-4.44,-33.48,-13.62
10.058,-3.6599998,-34.559998,-14.04
10.097,-2.34,-34.559998,-13.259999
10.116,-2.52,-34.44,-12.84
10.156,-1.0799999,-34.26,-13.679999
10.196,-1.5,-34.079998,-13.5
10.218,-2.46,-34.2,-13.38
10.256,-2.04,-34.2,-11.88
10.296,-1.1999999,-35.46,-11.04
10.317,-1.5,-35.219997,-11.04
10.357,-0.59999996,-36.42,-9.3
10.396,-1.02,-35.399998,-7.9199996
10.417,-1.26,-35.82,-7.2599998
10.457,-1.0799999,-35.46,-7.44
10.496,-1.3199999,-35.579998,-8.099999
10.536,-0.35999998,-35.52,-8.04
10.555,-0.59999996,-35.34,-8.22
10.596,-0.42,-36.6,-8.22
10.635,-0.65999997,-35.52,-7.62
10.656,-0.48,-36.059998,-7.74
10.695,-1.02,-36.0,-8.22
10.735,-1.38,-35.34,-8.16
10.756,-0.35999998,-35.7,-8.099999
10.796,-0.48,-35.94,-7.9199996
10.837,0.06,-35.7,-6.8399997
10.856,0.42,-36.18,-6.54
10.898,-0.17999999,-35.94,-7.3799996
10.936,-0.84,-36.0,-6.54
10.958,-0.78,-35.76,-5.7599998
10.996,-3.48,-35.46,-4.38
11.036,-3.54,-35.76,-4.68
11.056,-3.48,-35.7,-5.04
11.096,-3.9599998,-34.8,-5.4
11.136,-3.9599998,-34.86,-6.06
11.175,-3.6599998,-34.98,-5.94
11.196,-3.54,-34.559998,-6.18
11.236,-4.14,-34.68,-6.7799997
11.256,-4.44,-35.04,-6.3599997
11.295,-4.92,-34.02,-6.96
11.335,-4.44,-34.2,-7.44
11.376,-4.5,-34.68,-7.44
11.395,-4.38,-34.92,-7.08
11.436,-4.7999997,-34.26,-6.18
11.475,-4.98,-35.52,-5.94
11.496,-4.7999997,-35.579998,-6.12
11.535,-5.1,-35.34,-5.52
11.575,-5.2799997,-34.559998,-5.7
11.595,-5.1,-34.38,-5.8799996
11.635,-5.94,-34.26,-5.52
11.676,-4.98,-34.5,-5.8199997
11.695,-5.2799997,-34.44,-5.64
11.736,-6.12,-34.62,-5.8199997
11.775,-6.0,-34.739998,-6.12
11.796,-5.8799996,-34.739998,-6.2999997
11.838,-5.64,-34.62,-6.54
11.875,-5.8799996,-33.6,-7.2599998
11.915,-5.4,-33.96,-6.48
11.935,-6.0,-34.38,-6.48
11.975,-7.62,-34.02,-4.2
12.015,-8.94,-33.18,-3.0
12.035,-7.98,-33.48,-2.82
12.075,-8.7,-33.54,-3.8999999
12.115,-9.12,-33.18,-3.48
12.135,-8.94,-33.239998,-3.48
12.175,-8.22,-33.18,-4.2
12.216,-9.059999,-32.7,-3.84
12.233,-8.94,-32.579998,-3.36
12.275,-8.7,-32.94,-4.08
12.314,-7.5,-33.54,-3.78
12.335,-7.7999997,-33.059998,-3.8999999
12.374,-8.639999,-33.18,-4.5
12.414,-8.4,-32.7,-4.56
12.434,-8.099999,-33.36,-4.92
12.475,-8.76,-32.52,-4.02
12.516,-8.88,-32.94,-4.14
12.535,-8.5199995,-32.64,-3.9599998
12.575,-8.82,-33.239998,-4.98
12.617,-8.5199995,-32.88,-4.92
12.636,-8.88,-32.82,-4.68
12.675,-8.28,-32.88,-5.52
12.715,-8.28,-31.98,-6.0
12.735,-8.28,-32.76,-5.22
12.775,-8.76,-32.579998,-4.74
12.816,-8.94,-32.219997,-5.1
12.839,-8.5199995,-32.88,-5.46
12.876,-7.74,-32.82,-5.4
12.916,-9.36,-33.239998,-5.64
12.936,-9.12,-33.0,-4.68
12.976,-8.16,-32.28,-4.02
13.017,-8.88,-33.059998,-4.68
13.038,-8.7,-33.12,-4.98
13.077,-7.7999997,-32.88,-4.74
13.118,-8.22,-32.579998,-4.68
13.156,-8.639999,-32.16,-4.3199997
13.177,-8.34,-32.34,-4.2
13.216,-8.82,-33.18,-3.6599998
13.256,-7.2599998,-32.579998,-3.8999999
13.277,-8.34,-32.7,-3.06
13.319,-8.88,-32.7,-3.1799998
13.362,-8.099999,-33.18,-3.72
13.381,-8.16,-33.3,-3.8999999
13.422,-7.62,-32.88,-3.1799998
13.440,-7.3199997,-32.88,-3.3
13.480,-8.94,-33.239998,-3.6599998
13.520,-7.8599997,-34.14,-3.0
13.541,-7.7999997,-33.66,-3.1799998
13.580,-8.099999,-33.54,-2.58
13.620,-8.099999,-33.719997,-1.9799999
13.661,-7.44,-33.12,-2.22
13.681,-6.96,-32.52,-2.22
13.721,-7.44,-33.239998,-2.9399998
13.760,-7.44,-33.36,-2.1599998
13.781,-7.3199997,-34.079998,-2.28
13.820,-7.5,-33.239998,-1.9799999
13.860,-7.68,-33.54,-1.9799999
13.880,-7.62,-33.48,-2.6399999
13.920,-7.5,-32.94,-2.58
13.963,-8.22,-33.84,-2.22
13.981,-7.68,-33.0,-2.3999999
14.023,-8.22,-33.48,-3.6
14.060,-8.28,-33.66,-1.9799999
14.080,-7.68,-33.12,-2.1599998
14.122,-8.16,-33.18,-2.7
14.161,-7.2,-33.78,-2.1
14.182,-7.14,-33.84,-2.52
14.225,-7.3199997,-33.54,-1.8
14.261,-7.56,-33.0,-2.52
14.280,-7.3199997,-32.52,-3.12
14.321,-7.9199996,-33.719997,-2.1599998
14.360,-7.8599997,-33.84,-3.72
14.381,-7.68,-33.12,-3.78
14.420,-8.28,-33.54,-3.8999999
14.460,-7.3199997,-33.18,-3.4199998
14.501,-7.9199996,-33.48,-3.4199998
14.520,-7.98,-33.42,-3.48
14.562,-7.8599997,-33.6,-3.54
14.601,-7.8599997,-32.46,-3.6599998
14.621,-7.8599997,-33.12,-3.36
14.661,-7.74,-33.059998,-3.12
14.701,-8.28,-32.64,-3.6
14.722,-7.9199996,-33.3,-2.9399998
14.764,-7.3199997,-32.7,-3.24
14.801,-7.5,-33.66,-2.34
14.821,-7.08,-33.12,-2.6399999
14.861,-7.62,-32.82,-3.3
14.900,-7.7999997,-33.059998,-3.24
14.921,-7.62,-33.059998,-2.04
14.960,-7.74,-33.48,-3.0
15.003,-7.3199997,-32.88,-2.3999999
15.020,-7.56,-33.0,-2.1
15.060,-8.04,-32.399998,-2.3999999
15.101,-8.7,-33.3,-2.3999999
15.120,-8.76,-32.94,-2.04
15.159,-8.88,-31.74,-2.8799999
15.200,-8.5199995,-31.92,-2.28
15.222,-8.5199995,-31.92,-2.9399998
15.260,-8.82,-32.52,-2.1
15.301,-8.34,-32.1,-2.76
15.341,-8.5199995,-32.76,-3.1799998
15.362,-8.34,-32.04,-2.8799999
15.401,-8.7,-32.28,-2.52
15.440,-7.62,-32.34,-3.24
15.461,-8.22,-32.579998,-3.1799998
15.500,-8.58,-32.88,-1.8
15.524,-8.7,-32.76,-2.28
15.563,-8.5199995,-32.579998,-2.1
15.603,-9.3,-32.46,-2.76
15.643,-7.8599997,-32.16,-2.22
15.666,-8.5199995,-32.219997,-2.76
15.706,-8.28,-32.88,-3.06
15.726,-8.46,-32.28,-3.54
15.765,-8.16,-32.88,-3.0
15.805,-8.22,-32.1,-2.82
15.847,-7.9199996,-31.619999,-2.46
15.864,-7.74,-32.46,-3.0
15.902,-7.98,-32.34,-2.82
15.942,-8.04,-32.64,-4.08
15.960,-6.54,-32.64,-4.2599998
16.002,-3.6599998,-35.399998,-7.98
16.042,-4.38,-34.26,-8.58
16.065,-4.68,-34.32,-7.56
16.104,-4.38,-34.5,-7.62
16.145,-4.2599998,-34.44,-7.9199996
16.164,-3.6599998,-34.559998,-8.76
16.204,-4.92,-34.44,-8.16
16.248,-4.2599998,-34.44,-8.5199995
16.263,-3.9599998,-34.98,-8.94
16.305,-4.8599997,-34.5,-8.099999
16.343,-4.56,-34.5,-8.88
16.364,-4.38,-34.62,-8.76
16.404,-4.98,-34.92,-8.46
16.446,-3.78,-35.34,-9.0
16.467,-4.02,-34.8,-7.9199996
16.504,-4.3199997,-34.38,-9.12
16.546,-4.74,-34.86,-8.76
16.583,-4.2599998,-34.5,-8.04
16.604,-4.5,-35.399998,-7.68
16.645,-4.3199997,-35.7,-5.52
16.683,-4.38,-34.98,-5.8199997
16.703,-4.62,-35.1,-5.64
16.741,-4.3199997,-36.239998,-4.74
16.782,-3.84,-35.64,-5.7
16.801,-4.2,-35.579998,-5.94
16.842,-3.4199998,-35.64,-5.7599998
16.881,-4.62,-35.219997,-6.7799997
16.902,-3.78,-35.399998,-6.8399997
16.941,-3.36,-35.34,-7.2
16.972,-3.78,-34.26,-6.72
17.002,-4.68,-35.219997,-8.34
17.041,-4.44,-35.1,-7.56
17.082,-4.92,-34.62,-8.58
17.122,-5.1,-33.6,-6.2999997
17.142,-5.4,-33.12,-6.24
17.182,-6.48,-33.719997,-5.94
17.205,-6.66,-34.02,-6.3599997
17.243,-5.16,-33.12,-6.54
17.282,-6.18,-33.18,-6.18
17.322,-5.7,-33.96,-6.06
17.342,-5.4,-33.6,-5.7
17.384,-6.42,-34.559998,-6.06
17.421,-6.8999996,-34.02,-5.16
17.442,-6.66,-33.66,-4.92
17.481,-6.42,-34.26,-5.16
17.522,-6.2999997,-33.78,-4.62
17.542,-6.72,-33.899998,-5.22
17.583,-6.72,-33.54,-5.7
17.622,-5.4,-34.739998,-5.4
17.641,-5.8199997,-34.559998,-5.4
17.682,-5.3399997,-33.899998,-6.6
17.721,-5.8199997,-33.899998,-6.24
17.742,-6.0,-34.5,-5.8799996
17.782,-5.7,-33.54,-4.98
17.822,-5.7599998,-34.02,-5.22
17.842,-6.24,-33.96,-5.1
17.881,-6.6,-33.66,-4.56
17.922,-6.8399997,-34.26,-5.1
17.961,-7.14,-34.26,-4.74
17.982,-6.8399997,-33.719997,-4.5
18.021,-6.24,-33.3,-5.64
18.063,-5.64,-34.62,-5.22
18.082,-6.0,-34.44,-5.3399997
18.121,-5.52,-34.14,-5.4
18.162,-6.3599997,-34.02,-4.2599998
18.183,-6.42,-33.899998,-5.1
18.224,-6.96,-33.6,-4.56
18.262,-6.0,-34.02,-5.22
18.283,-6.0,-34.2,-4.38
18.323,-6.3599997,-34.32,-4.68
18.361,-5.2799997,-33.78,-5.2799997
18.380,-5.8799996,-33.48,-5.16
18.423,-5.2799997,-34.079998,-4.56
18.463,-5.8199997,-34.14,-5.2799997
18.483,-5.7,-33.899998,-5.4
18.524,-4.92,-34.8,-4.8599997
18.563,-5.52,-33.96,-4.08
18.584,-5.8799996,-33.54,-4.14
18.624,-6.54,-33.42,-3.72
18.665,-5.52,-33.899998,-3.78
18.685,-6.06,-33.6,-3.72
18.724,-7.2,-33.96,-5.52
18.767,-6.42,-33.36,-5.22
18.786,-7.3199997,-32.52,-3.6
18.821,-8.28,-32.52,-2.1
18.868,-9.179999,-32.64,-2.04
18.889,-8.5199995,-32.76,-1.4399999
18.931,-8.28,-31.98,-1.68
18.970,-8.4,-32.76,-1.74
18.987,-8.7,-32.34,-1.4399999
19.027,-8.82,-32.64,-1.92
19.067,-8.099999,-32.34,-2.3999999
19.088,-8.28,-32.64,-2.22
19.129,-8.28,-32.34,-1.9799999
19.169,-8.58,-32.52,-1.74
19.187,-7.74,-32.7,-1.86
19.225,-7.2,-32.34,-2.3999999
19.267,-7.56,-32.94,-2.3999999
19.288,-7.14,-33.36,-2.04
19.328,-7.74,-33.18,-2.1
19.369,-7.5,-32.46,-2.52
19.390,-7.56,-32.46,-1.8
19.429,-8.34,-32.76,-1.4399999
19.468,-8.46,-33.36,-1.02
19.507,-7.74,-32.76,-1.3199999
19.527,-7.68,-32.46,-1.5
19.568,-7.98,-32.399998,-2.22
19.607,-8.94,-32.579998,-0.96
19.626,-8.82,-32.7,-0.96
19.667,-8.099999,-31.56,-1.14
19.706,-8.04,-32.399998,-1.5
19.727,-8.28,-32.52,-1.4399999
19.768,-9.059999,-32.1,-1.86
19.806,-8.04,-33.0,-1.14
19.826,-7.98,-32.76,-1.02
19.866,-7.9199996,-32.46,-1.1999999
19.910,-7.8599997,-33.18,-2.1
19.926,-8.099999,-32.579998,-0.9
19.967,-8.639999,-32.52,-1.3199999
20.005,-7.7999997,-33.059998,-0.96
20.027,-8.28,-33.42,-1.38
20.067,-8.58,-32.399998,-1.62
20.107,-8.04,-32.64,-2.04
20.147,-7.44,-32.76,-1.62
20.166,-7.74,-32.76,-1.5
20.207,-7.98,-32.94,-0.84
20.237,-7.3799996,-32.34,-1.0799999
20.270,-8.22,-32.64,-2.04
20.310,-8.22,-32.52,-1.38
20.346,-8.88,-32.46,-1.38
20.365,-8.46,-32.88,-1.1999999
20.407,-8.5199995,-33.0,-1.26
20.446,-8.099999,-32.399998,-2.52
20.466,-8.4,-32.34,-1.9799999
20.506,-8.46,-32.94,-1.0799999
20.546,-8.22,-33.18,-1.86
20.567,-8.04,-33.18,-1.8
20.615,-8.46,-33.239998,-2.04
20.646,-8.099999,-33.059998,-1.92
20.668,-8.22,-32.579998,-1.74
20.706,-7.9199996,-33.059998,-0.9
20.747,-8.5199995,-31.859999,-1.0799999
20.768,-8.16,-31.439999,-1.5
20.808,-7.8599997,-32.64,-2.1599998
20.837,-8.16,-32.82,-2.1
20.871,-7.2599998,-32.399998,-2.46
20.907,-7.74,-32.579998,-1.56
20.947,-7.2599998,-33.0,-1.62
20.967,-8.34,-32.579998,-1.1999999
21.007,-8.28,-31.98,-0.59999996
21.048,-8.34,-32.52,-1.68
21.086,-7.7999997,-32.219997,-1.1999999
21.107,-7.98,-33.0,-2.1
21.155,-7.98,-32.88,-1.5
21.168,-8.22,-32.82,-1.02
21.206,-8.46,-32.82,-0.96
21.246,-7.68,-31.8,-1.74
21.287,-7.7999997,-33.0,-0.12
21.306,-7.7999997,-32.88,-0.24
21.347,-7.2,-32.579998,0.06
21.406,-7.08,-32.52,-0.17999999
21.447,-7.2599998,-32.399998,0.29999998
21.487,-7.3199997,-32.94,0.65999997
21.509,-7.02,-33.0,-0.29999998
21.547,-6.8999996,-33.3,0.29999998
21.587,-6.24,-32.52,0.59999996
21.607,-6.24,-32.46,0.42
21.647,-6.6,-33.54,0.24
21.686,-6.48,-33.6,0.84
21.710,-6.72,-33.6,0.59999996
21.764,-6.42,-33.3,0.9
21.797,-6.3599997,-33.0,2.1
21.829,-5.8799996,-33.0,1.4399999
21.847,-5.64,-33.239998,1.26
21.887,-6.3599997,-32.88,1.5
21.910,-6.42,-32.88,1.3199999
21.947,-6.0,-32.76,1.4399999
21.987,-6.96,-32.16,1.3199999
22.010,-6.12,-32.34,1.38
22.050,-6.42,-32.88,1.86
22.088,-6.3599997,-32.7,1.62
22.129,-6.24,-33.6,2.46
22.147,-5.8799996,-32.52,1.92
22.190,-6.66,-32.34,2.1
22.210,-6.24,-32.34,2.9399998
22.259,-6.12,-32.16,2.6399999
22.287,-7.02,-32.7,2.22
22.327,-6.3599997,-31.679998,3.1799998
22.348,-6.2999997,-32.219997,2.58
22.389,-6.12,-32.82,2.82
22.428,-6.24,-32.04,3.54
22.448,-6.6,-32.64,2.76
22.489,-6.48,-31.439999,1.9799999
22.527,-6.8999996,-32.399998,2.76
22.548,-6.3599997,-32.64,2.76
22.590,-7.2599998,-31.92,3.12
22.619,-6.96,-31.98,3.24
22.648,-7.98,-31.32,3.54
22.689,-8.099999,-32.52,2.8799999
22.731,-7.74,-32.52,2.04
22.749,-7.68,-32.7,3.12
22.789,-7.68,-33.059998,2.8799999
22.829,-8.58,-33.3,3.36
22.850,-8.7,-33.6,2.82
22.889,-7.68,-33.12,2.8799999
22.928,-7.8599997,-32.7,2.82
22.970,-8.58,-34.02,2.34
22.991,-8.94,-33.96,2.76
23.030,-7.74,-34.559998,2.58
23.069,-7.7999997,-34.02,2.8799999
23.089,-7.68,-34.68,2.1
23.129,-8.22,-34.62,2.28
23.151,-7.68,-34.86,2.46
23.190,-6.66,-35.16,2.1
23.230,-6.3599997,-34.8,1.68
23.252,-6.6,-35.16,1.5
23.290,-6.2999997,-35.16,1.68
23.331,-6.0,-35.76,1.38
23.373,-5.7,-34.559998,2.04
23.390,-6.24,-34.92,2.6399999
23.429,-5.7,-34.68,2.9399998
23.456,-5.46,-34.8,2.6399999
23.490,-5.2799997,-33.78,3.9599998
23.529,-5.52,-33.48,3.78
23.569,-6.24,-33.239998,4.08
23.590,-6.72,-33.719997,4.2599998
23.629,-5.94,-33.18,6.12
23.670,-6.18,-32.52,5.52
23.691,-6.54,-32.399998,5.64
23.729,-7.14,-31.32,5.7
23.769,-7.74,-32.88,6.66
23.789,-7.8599997,-32.94,6.8999996
23.829,-8.7,-31.619999,7.3799996
23.871,-9.12,-31.5,7.5
23.909,-9.96,-31.14,7.98
23.930,-10.38,-31.26,7.8599997
23.969,-10.8,-32.46,7.44
23.991,-11.16,-32.88,8.04
24.030,-12.179999,-33.54,6.72
24.070,-12.179999,-34.559998,6.12
24.111,-13.08,-35.16,6.66
24.131,-13.2,-35.46,5.8799996
24.171,-13.38,-36.42,5.8799996
24.192,-13.92,-36.42,5.52
24.247,-12.599999,-36.54,4.3199997
24.271,-12.54,-37.559998,4.14
24.309,-12.0,-38.04,2.34
24.330,-11.28,-38.219997,1.9799999
24.370,-10.2,-37.68,1.3199999
24.412,-9.96,-38.1,0.53999996
24.432,-9.12,-38.16,0.24
24.473,-7.3799996,-38.1,-0.59999996
24.511,-6.8399997,-36.66,-1.14
24.532,-5.7,-36.3,-1.86
24.574,-5.3399997,-36.059998,-1.9799999
24.613,-4.7999997,-34.5,-2.22
24.633,-4.3199997,-33.3,-2.6399999
24.673,-3.24,-32.94,-2.82
24.696,-2.52,-32.46,-1.62
24.734,-2.46,-31.8,-2.58
24.775,-1.4399999,-30.84,-2.1599998
24.814,-1.02,-30.84,-1.3199999
24.834,-1.02,-30.72,-0.24
24.873,-0.42,-30.539999,0.59999996
24.914,-1.0799999,-29.82,1.8
24.933,-1.62,-29.64,2.3999999
24.985,-2.28,-30.24,4.62
25.014,-1.8,-31.199999,5.3399997
25.033,-1.8,-31.74,6.12
25.074,-2.52,-31.98,7.56
25.113,-1.86,-34.02,8.639999
25.135,-2.1,-34.44,8.76
25.173,-1.62,-35.1,9.36
25.220,-1.38,-36.0,9.96
25.254,-0.24,-36.719997,11.58
25.273,0.0,-37.62,12.24
25.315,-0.65999997,-37.98,12.78
25.335,-0.59999996,-38.28,12.96
25.374,1.1999999,-39.48,14.94
25.417,1.56,-38.7,15.12
25.436,1.4399999,-39.54,15.719999
25.494,1.38,-40.379997,16.38
25.517,0.71999997,-40.8,18.06
25.537,1.0799999,-41.52,18.779999
25.576,1.38,-41.52,18.48
25.619,2.8799999,-42.36,18.66
25.638,2.76,-43.26,18.9
25.677,3.1799998,-43.92,18.18
25.719,2.7,-44.1,18.6
25.755,3.54,-45.239998,18.48
25.777,4.08,-45.12,18.0
25.816,4.98,-44.7,17.52
25.856,5.58,-44.76,16.38
25.875,5.8799996,-45.239998,16.68
25.916,6.48,-43.739998,15.9
25.956,8.34,-43.26,15.42
25.981,8.76,-42.48,14.759999
26.016,9.78,-42.059998,14.099999
26.057,9.42,-41.34,13.44
26.076,9.719999,-40.62,13.74
26.115,9.719999,-38.82,14.219999
26.156,10.5,-37.559998,15.36
26.175,11.16,-36.3,15.42
26.216,10.32,-36.3,15.12
26.263,10.0199995,-35.46,16.02
26.276,9.179999,-34.26,15.66
26.314,7.7999997,-34.02,16.74
26.356,6.8999996,-33.0,17.58
26.396,6.3599997,-33.96,16.98
26.416,6.0,-33.84,16.98
26.455,4.5,-33.3,17.1
26.495,3.24,-33.54,17.699999
26.516,2.6399999,-33.3,17.64
26.554,1.62,-34.559998,18.48
26.595,0.24,-35.1,17.16
26.615,-0.35999998,-35.94,17.22
26.655,-0.9,-36.42,16.02
26.695,-1.1999999,-37.14,16.38
26.714,-1.86,-37.8,16.74
26.754,-3.24,-38.399998,15.78
26.794,-3.36,-38.76,16.14
26.814,-4.02,-39.6,15.059999
26.855,-3.36,-40.86,14.099999
26.897,-3.72,-41.94,13.2
26.914,-3.3,-42.059998,12.719999
26.954,-3.84,-43.5,11.28
26.996,-3.06,-44.52,9.96
27.034,-2.3999999,-45.0,8.46
27.055,-2.3999999,-45.3,7.9199996
27.094,-1.02,-45.84,6.12
27.116,-0.24,-45.48,5.16
27.154,1.5,-45.539997,4.5
27.197,2.52,-45.18,2.58
27.233,3.36,-45.6,0.35999998
27.254,3.6599998,-45.66,0.71999997
27.294,4.62,-44.219997,-1.26
27.334,6.2999997,-42.66,-1.74
27.355,6.6,-41.1,-2.28
27.397,7.14,-39.899998,-3.3
27.434,9.059999,-39.0,-4.2
27.454,8.4,-37.739998,-4.56
27.495,9.66,-36.0,-4.44
27.535,9.719999,-34.559998,-4.92
27.554,10.0199995,-34.14,-4.74
27.595,10.2,-32.64,-5.52
27.634,9.9,-30.84,-5.64
27.656,10.26,-29.46,-5.7599998
27.694,11.28,-28.859999,-5.8199997
27.734,11.219999,-27.24,-5.4
27.776,13.44,-27.779999,-6.3599997
27.795,15.36,-27.66,-8.76
27.835,14.46,-26.939999,-10.139999
27.874,15.0,-25.019999,-10.26
27.894,14.5199995,-25.38,-10.62
27.934,15.12,-23.58,-9.179999
27.975,14.88,-23.58,-9.179999
27.994,15.42,-22.92,-9.719999
28.034,14.5199995,-21.779999,-9.42
28.075,14.16,-21.119999,-8.28
28.095,13.5,-19.98,-7.3199997
28.136,13.2,-19.08,-6.2999997
28.157,13.0199995,-18.9,-5.52
28.196,10.8,-18.6,-3.24
28.233,10.2,-17.76,-2.04
28.274,8.58,-17.16,-0.42
28.295,7.98,-17.52,0.12
28.334,6.12,-18.66,1.4399999
28.376,4.08,-18.6,3.3
28.395,4.02,-18.96,3.06
28.436,2.76,-19.26,4.3199997
28.475,0.84,-19.98,5.7
28.496,0.48,-20.52,4.98
28.536,-1.4399999,-21.72,6.06
28.577,-3.0,-21.72,8.28
28.595,-4.62,-21.96,10.0199995
28.636,-7.2,-22.38,11.04
28.677,-7.98,-23.64,10.44
28.697,-8.7,-24.24,9.3
28.737,-9.48,-25.019999,9.66
28.778,-10.74,-26.279999,11.099999
28.797,-10.98,-26.519999,10.74
28.837,-11.099999,-26.82,8.82
28.877,-12.12,-29.519999,8.46
28.897,-12.12,-29.519999,8.639999
28.944,-14.639999,-28.8,10.86
28.979,-15.839999,-29.519999,10.679999
29.009,-16.08,-29.64,10.26
29.039,-13.86,-31.74,6.66
29.077,-12.54,-34.14,2.8799999
29.099,-13.259999,-33.6,3.0
29.145,-13.44,-34.739998,3.1799998
29.177,-13.259999,-35.52,3.06
29.219,-13.139999,-34.92,1.86
29.240,-12.66,-36.42,2.76
29.278,-13.92,-36.66,2.3999999
29.318,-12.719999,-37.14,1.26
29.338,-12.96,-37.2,1.14
29.376,-13.08,-37.5,-0.06
29.400,-13.139999,-37.8,0.35999998
29.435,-13.139999,-38.219997,0.06
29.478,-12.42,-38.28,-0.96
29.518,-12.179999,-38.34,-1.56
29.537,-11.88,-38.579998,-1.86
29.578,-11.28,-38.34,-2.58
29.617,-9.9,-39.18,-2.3999999
29.639,-9.599999,-38.52,-3.0
29.677,-9.42,-39.48,-3.78
29.716,-8.82,-38.879997,-4.2
29.737,-8.82,-39.54,-3.8999999
29.784,-9.179999,-38.579998,-2.1599998
29.818,-7.9199996,-38.34,-2.52
29.837,-8.46,-37.68,-2.8799999
29.878,-7.8599997,-37.739998,-2.6399999
29.915,-7.62,-37.26,-1.68
29.938,-7.98,-36.6,-2.04
29.977,-6.2999997,-38.04,-2.34
30.017,-6.54,-37.5,-2.3999999
30.058,-5.8799996,-36.96,-1.14
30.077,-6.12,-36.899998,-1.38
30.118,-6.24,-36.18,-1.26
30.157,-6.24,-36.0,-0.78
30.178,-5.8799996,-36.18,-1.68
30.217,-5.3399997,-35.7,-1.26
30.257,-4.7999997,-36.3,-1.68
30.277,-5.22,-36.059998,-2.28
30.317,-4.7999997,-35.64,-0.78
30.357,-5.1,-35.7,-0.48
30.377,-5.22,-35.579998,-0.24
30.418,-4.14,-36.18,-1.5
30.457,-3.48,-36.84,-1.1999999
30.477,-3.24,-36.0,-1.4399999
30.517,-4.62,-36.239998,-0.53999996
30.558,-3.6599998,-34.44,-0.78
30.577,-3.8999999,-34.26,-0.59999996
30.617,-4.68,-34.5,0.17999999
30.657,-3.8999999,-34.559998,-0.06
30.678,-3.78,-34.38,-0.17999999
30.719,-4.3199997,-34.44,0.53999996
30.757,-4.3199997,-34.92,0.42
30.780,-4.62,-34.92,0.0
30.818,-3.54,-34.5,0.48
30.858,-4.02,-35.16,-0.35999998
30.879,-3.48,-34.62,0.06
30.919,-3.78,-34.38,-0.06
30.957,-3.6,-34.62,0.29999998
30.997,-4.3199997,-33.96,0.12
31.017,-4.5,-34.02,-0.29999998
31.056,-4.68,-33.48,0.06
31.096,-5.2799997,-32.64,0.78
31.116,-5.3399997,-32.46,1.0799999
31.156,-4.7999997,-33.18,0.84
31.197,-4.68,-33.059998,0.35999998
31.216,-4.38,-33.0,-0.06
31.257,-4.5,-32.64,-0.78
31.297,-4.68,-33.059998,-0.42
31.316,-4.7999997,-33.3,-0.59999996
31.358,-4.74,-33.18,-0.24
31.397,-4.56,-33.18,0.53999996
31.417,-4.92,-32.94,0.42
31.457,-4.8599997,-32.34,0.42
31.498,-4.68,-32.76,0.06
31.517,-4.8599997,-32.46,-0.59999996
31.558,-4.62,-32.04,-0.24
31.597,-4.92,-32.579998,0.12
31.618,-5.64,-32.28,-0.96
31.657,-5.22,-33.0,-0.48
31.699,-4.38,-32.34,-1.4399999
31.740,-5.2799997,-32.579998,-1.56
31.758,-5.2799997,-33.0,-1.62
31.798,-5.58,-31.5,-1.86
31.857,-6.3599997,-32.64,-2.34
31.898,-6.24,-32.28,-2.46
31.924,-6.18,-32.52,-2.3999999
31.960,-6.2999997,-32.16,-2.9399998
32.009,-6.48,-32.04,-4.08
32.038,-5.8199997,-32.46,-4.14
32.058,-6.12,-32.52,-4.62
32.097,-7.56,-30.779999,-0.35999998
32.139,-7.62,-31.14,-0.9
32.160,-7.9199996,-31.26,-1.26
32.200,-7.62,-31.019999,-0.42
32.240,-8.46,-31.199999,0.17999999
32.260,-8.82,-31.08,0.06
32.300,-8.34,-30.779999,-0.48
32.340,-8.16,-31.199999,-0.9
32.360,-8.04,-31.019999,-1.02
32.400,-8.7,-31.019999,-1.62
32.440,-8.34,-30.66,-1.02
32.463,-8.82,-30.359999,-0.9
32.500,-8.16,-31.14,-0.9
32.540,-8.16,-30.9,-0.42
32.560,-7.5,-30.66,-0.35999998
32.600,-8.76,-31.5,-0.59999996
32.640,-7.68,-29.88,-0.53999996
32.660,-8.88,-30.539999,-0.78
32.702,-8.22,-31.14,-0.84
32.739,-8.28,-31.56,-0.65999997
32.760,-8.28,-31.439999,-0.35999998
32.799,-8.58,-30.84,-1.4399999
32.840,-9.059999,-30.9,-1.1999999
32.880,-7.3799996,-30.119999,-1.38
32.899,-7.56,-30.48,-1.8
32.940,-7.98,-31.26,-1.8
32.980,-9.36,-31.019999,-0.96
33.001,-9.599999,-30.84,-1.3199999
33.041,-9.42,-30.599998,-1.92
33.063,-9.42,-30.06,-2.04
33.100,-9.599999,-30.359999,-1.92
33.145,-8.58,-30.42,-2.1599998
33.180,-9.78,-30.9,-1.38
33.200,-9.599999,-30.42,-1.5
33.246,-10.139999,-30.84,-2.22
33.265,-9.54,-30.599998,-2.6399999
33.303,-9.54,-30.599998,-2.3999999
33.341,-9.059999,-30.24,-3.0
33.382,-9.3,-29.76,-2.58
33.401,-9.54,-29.88,-2.58
33.442,-8.28,-30.599998,-2.22
33.481,-9.36,-30.24,-1.9799999
33.500,-9.42,-30.359999,-2.04
33.542,-9.3,-29.939999,-2.3999999
33.583,-8.82,-30.42,-1.92
33.603,-8.58,-30.72,-2.1599998
33.642,-7.7999997,-31.26,-0.65999997
33.682,-7.98,-30.96,-1.68
33.702,-8.22,-30.539999,-1.38
33.746,-7.9199996,-32.04,-1.5
33.782,-7.68,-30.9,-0.84
33.822,-7.5,-31.26,-1.02
33.841,-7.08,-31.38,-0.59999996
33.880,-7.3799996,-31.56,-0.59999996
33.923,-8.58,-30.96,-0.96
33.941,-7.98,-31.019999,-0.9
33.981,-8.46,-31.019999,-0.9
34.022,-7.3199997,-30.84,-0.78
34.040,-7.44,-30.48,-1.0799999
34.082,-8.34,-30.72,-1.74
34.124,-8.22,-31.019999,-1.9799999
34.141,-8.16,-31.019999,-1.26
34.181,-7.2599998,-30.96,-0.59999996
34.227,-7.74,-30.66,-0.9
34.243,-7.44,-30.779999,-1.0799999
34.283,-8.04,-30.9,0.24
34.322,-7.8599997,-30.42,0.65999997
34.342,-7.68,-31.56,0.59999996
34.383,-7.98,-30.9,0.53999996
34.424,-7.14,-30.779999,0.42
34.442,-7.56,-31.26,0.53999996
34.482,-7.3199997,-30.96,0.84
34.522,-8.5199995,-31.08,0.29999998
34.542,-8.76,-31.92,0.65999997
34.581,-8.099999,-31.26,0.35999998
34.623,-9.3,-31.019999,0.17999999
34.642,-9.42,-31.5,1.3199999
34.684,-8.34,-30.779999,0.35999998
34.722,-9.059999,-31.26,0.0
34.767,-9.0,-31.5,0.96
34.784,-8.22,-31.5,1.02
34.821,-8.46,-31.08,0.84
34.863,-8.88,-31.98,0.65999997
34.882,-8.58,-31.56,0.96
34.922,-9.42,-31.8,0.42
34.962,-9.48,-31.08,0.48
34.982,-9.179999,-31.38,0.78
35.021,-9.9,-30.66,0.9
35.062,-9.059999,-30.599998,0.84
35.082,-9.719999,-30.96,0.53999996
35.122,-9.0,-30.48,1.4399999
35.163,-9.66,-31.019999,0.65999997
35.183,-9.54,-30.48,0.48
35.225,-8.7,-31.74,-1.0799999
35.263,-9.78,-30.66,-0.9
35.283,-9.78,-31.199999,-1.4399999
35.321,-9.36,-30.779999,-1.14
35.363,-9.3,-31.439999,-0.96
35.382,-9.54,-30.84,-0.65999997
35.422,-10.2,-31.199999,-1.62
35.463,-10.139999,-30.48,-0.71999997
35.482,-9.42,-30.84,-0.71999997
35.524,-9.48,-30.779999,-1.02
35.565,-9.599999,-30.84,-1.68
35.607,-9.3,-30.359999,-1.56
35.625,-9.84,-31.32,-1.0799999
35.662,-9.3,-29.76,-1.92
35.703,-9.78,-30.06,-1.3199999
35.721,-9.719999,-30.66,-1.38
35.762,-9.54,-30.42,-0.71999997
35.800,-9.36,-31.5,-1.0799999
35.821,-9.54,-31.199999,-0.65999997
35.861,-7.98,-30.96,-0.9
35.902,-9.48,-30.48,-1.26
35.923,-9.059999,-30.359999,-1.38
35.963,-8.82,-31.26,-0.65999997
36.002,-8.22,-31.619999,-0.35999998
36.021,-8.58,-30.96,-0.65999997
36.062,-9.0,-31.56,-0.96
36.101,-9.0,-30.84,-0.59999996
36.122,-8.04,-30.48,-0.29999998
36.162,-8.34,-31.26,-0.48
36.202,-8.82,-30.96,-0.06
36.227,-9.179999,-30.779999,0.06
36.261,-9.719999,-30.66,-0.29999998
36.302,-9.66,-31.5,-0.65999997
36.342,-9.599999,-30.539999,-0.29999998
36.362,-9.599999,-30.3,-0.17999999
36.401,-9.0,-31.08,0.59999996
36.424,-8.7,-31.26,0.71999997
36.462,-8.76,-31.38,0.9
36.502,-9.48,-31.019999,0.0
36.542,-9.12,-31.5,0.65999997
36.560,-8.76,-31.92,0.48
36.601,-9.179999,-31.619999,0.29999998
36.640,-9.12,-31.019999,0.71999997
36.663,-8.94,-30.96,0.48
36.700,-8.4,-30.779999,-0.17999999
36.741,-9.24,-30.539999,0.59999996
36.760,-9.059999,-30.3,-0.65999997
36.800,-8.76,-31.14,-0.29999998
36.841,-9.54,-31.26,-1.0799999
36.861,-9.12,-31.38,-0.42
36.901,-8.46,-31.08,-0.35999998
36.940,-8.88,-30.779999,0.53999996
36.961,-8.46,-31.8,0.59999996
37.001,-8.7,-31.26,0.9
37.041,-9.24,-31.26,0.17999999
37.062,-8.82,-31.08,0.17999999
37.101,-8.58,-30.96,0.12
37.143,-7.2,-32.1,0.65999997
37.162,-7.08,-31.98,0.06
37.202,-6.8999996,-31.679998,-0.9
37.241,-4.68,-31.439999,-2.3999999
37.281,-4.68,-31.56,-3.06
37.301,-4.56,-31.08,-2.6399999
37.341,-6.06,-31.619999,-3.12
37.382,-4.7999997,-31.38,-2.82
37.401,-5.16,-31.439999,-2.76
37.442,-6.3599997,-30.9,-2.46
37.481,-6.3599997,-31.5,-2.3999999
37.502,-6.54,-31.26,-1.86
37.541,-7.5,-32.04,-1.14
37.581,-7.5,-31.08,-1.38
37.602,-7.8599997,-31.74,-1.86
37.641,-7.7999997,-31.199999,-1.5
37.682,-8.099999,-31.619999,-1.8
37.701,-8.7,-32.219997,-2.1
37.743,-7.44,-31.98,-1.8
37.781,-7.3799996,-32.28,-3.4199998
37.802,-5.8199997,-33.12,-5.7
37.843,-5.64,-34.92,-7.02
37.881,-5.58,-34.14,-6.72
37.902,-5.46,-34.02,-6.8999996
37.942,-5.7599998,-33.48,-5.58
37.983,-5.22,-33.78,-6.2999997
38.003,-5.7599998,-33.6,-6.0
38.043,-5.58,-33.54,-5.22
38.082,-5.16,-33.719997,-6.06
38.104,-5.58,-33.96,-6.06
38.143,-4.8599997,-33.719997,-6.18
38.182,-5.3399997,-33.6,-6.24
38.223,-6.12,-34.14,-5.8799996
38.244,-5.4,-34.26,-6.12
38.284,-4.5,-34.2,-5.52
38.322,-5.46,-34.079998,-5.1
38.346,-5.8199997,-33.899998,-4.38
38.383,-5.22,-34.32,-4.14
38.422,-4.44,-34.98,-5.8199997
38.442,-4.8599997,-35.28,-6.3599997
38.482,-4.98,-34.5,-5.58
38.523,-4.8599997,-34.02,-6.18
38.543,-5.1,-34.26,-5.3399997
38.584,-5.2799997,-33.899998,-4.5
38.623,-7.9199996,-32.94,-2.1
38.644,-7.2599998,-33.239998,-2.34
38.683,-7.08,-33.36,-2.58
38.723,-7.44,-33.0,-2.7
38.743,-6.7799997,-32.7,-1.74
38.783,-7.62,-32.579998,-1.8
38.823,-7.62,-32.64,-1.92
38.843,-7.7999997,-32.7,-2.28
38.884,-7.2599998,-32.82,-2.1599998
38.922,-7.08,-33.0,-0.35999998
38.962,-8.099999,-30.9,-0.12
38.982,-7.14,-31.619999,-1.02
39.025,-3.9599998,-34.32,-5.2799997
39.045,-3.72,-34.32,-5.04
39.083,-4.68,-33.719997,-5.04
39.123,-4.02,-34.68,-5.52
39.162,-5.2799997,-34.32,-4.92
39.183,-5.04,-33.48,-5.46
39.222,-4.62,-34.559998,-5.46
39.245,-3.8999999,-34.5,-4.74
39.282,-3.6599998,-34.86,-4.68
39.322,-2.3999999,-34.32,-3.72
39.362,-4.38,-35.16,-3.48
39.381,-4.98,-34.62,-3.72
39.423,-5.04,-35.28,-3.48
39.462,-4.2599998,-35.04,-3.24
39.482,-4.44,-34.38,-2.46
39.523,-4.7999997,-34.32,-2.04
39.562,-4.74,-34.559998,-1.5
39.582,-4.08,-34.98,-1.74
39.622,-4.56,-35.34,-1.4399999
39.663,-4.74,-34.44,-1.4399999
39.682,-4.8599997,-34.5,-2.1599998
39.723,-4.8599997,-34.559998,-1.62
39.763,-5.22,-35.04,0.84
39.785,-5.3399997,-34.62,2.1
39.821,-5.64,-33.66,3.06
39.862,-6.8399997,-34.26,3.54
39.887,-7.5,-34.26,2.52
39.925,-6.54,-33.6,-0.12
39.963,-7.14,-33.96,-0.53999996
40.002,-5.7,-34.62,-2.8799999
40.022,-5.7599998,-34.68,-3.4199998
40.062,-6.3599997,-35.16,-3.0
40.101,-6.66,-34.26,-4.08
40.125,-6.7799997,-33.18,-4.74
40.163,-7.02,-33.66,-4.62
40.203,-6.3599997,-33.059998,-4.98
40.225,-6.06,-33.42,-5.2799997
40.262,-6.8999996,-33.18,-6.6
40.302,-6.54,-32.7,-7.2
40.324,-5.7,-33.059998,-8.46
40.361,-4.92,-32.94,-8.76
40.401,-5.7,-33.239998,-9.0
40.422,-5.22,-32.88,-8.76
40.461,-6.12,-33.239998,-8.639999
40.503,-5.8199997,-32.76,-9.0
40.522,-5.8799996,-32.52,-9.48
40.562,-5.1,-32.46,-9.78
40.602,-5.58,-32.399998,-9.36
40.623,-5.94,-32.579998,-8.82
40.661,-6.0,-32.34,-9.96
40.701,-7.5,-32.579998,-9.96
40.742,-6.96,-32.64,-9.84
40.761,-6.8399997,-32.7,-9.0
40.803,-6.48,-32.219997,-7.9199996
40.843,-6.3599997,-33.66,-8.099999
40.864,-6.48,-34.079998,-7.98
40.903,-6.12,-33.54,-7.9199996
40.925,-6.18,-33.719997,-8.16
40.963,-6.24,-33.48,-7.2599998
41.004,-6.3599997,-33.0,-6.18
41.028,-6.8999996,-33.239998,-4.98
41.064,-7.14,-32.64,-4.02
41.110,-6.66,-32.7,-3.8999999
41.144,-6.06,-33.54,-2.76
41.163,-5.94,-33.18,-2.3999999
41.203,-6.8999996,-32.64,-1.8
41.239,-7.08,-33.239998,-2.52
41.263,-6.2999997,-32.94,-2.22
41.302,-6.3599997,-34.14,-2.28
41.342,-7.2,-33.059998,-2.3999999
41.362,-6.42,-32.579998,-1.9799999
41.402,-7.2599998,-33.66,-2.6399999
41.442,-6.24,-33.3,-1.62
41.463,-6.8999996,-34.02,-1.26
41.502,-6.66,-34.079998,-2.04
41.546,-6.3599997,-33.36,-1.1999999
41.568,-5.94,-33.36,-1.4399999
41.604,-5.2799997,-32.76,-2.52
41.643,-5.22,-33.36,-2.58
41.682,-5.4,-34.02,-2.22
41.703,-5.8199997,-34.14,-3.06
41.748,-5.3399997,-33.84,-2.82
41.782,-6.06,-33.42,-2.34
41.802,-6.66,-33.18,-2.3999999
41.842,-5.8199997,-33.3,-1.5
41.882,-5.7,-33.239998,-1.86
41.901,-5.7,-33.18,-2.58
41.944,-5.7599998,-33.54,-2.1599998
41.981,-5.2799997,-33.12,-1.26
42.002,-5.4,-32.76,-1.68
42.042,-7.5,-32.219997,0.29999998
42.083,-8.46,-31.56,1.14
42.101,-7.9199996,-31.679998,0.59999996
42.143,-8.28,-31.859999,0.9
42.183,-8.46,-30.779999,0.65999997
42.221,-7.62,-31.56,0.65999997
42.245,-8.28,-31.859999,0.53999996
42.281,-8.4,-31.08,0.48
42.322,-8.82,-30.72,0.17999999
42.341,-8.5199995,-31.32,0.78
42.381,-8.099999,-31.859999,0.17999999
42.422,-7.5,-30.84,0.42
42.443,-7.14,-30.96,-0.17999999
42.482,-7.56,-31.199999,0.53999996
42.522,-8.46,-32.04,0.06
42.542,-8.22,-31.859999,0.12
42.581,-8.22,-31.08,0.35999998
42.621,-8.76,-31.56,-0.29999998
42.652,-7.7999997,-31.56,-0.29999998
42.683,-6.7799997,-30.42,0.12
42.723,-7.62,-31.019999,0.71999997
42.741,-8.4,-30.72,0.17999999
42.783,-8.58,-31.019999,0.59999996
42.820,-7.5,-30.3,-0.12
42.841,-8.58,-30.84,0.29999998
42.880,-8.82,-31.019999,-0.06
42.921,-8.58,-31.019999,-0.17999999
42.942,-8.76,-31.439999,0.42
42.981,-8.88,-31.019999,0.59999996
43.021,-8.76,-31.26,0.65999997
43.062,-8.34,-31.5,-0.29999998
43.082,-8.22,-30.9,-0.48
43.121,-9.36,-29.939999,-0.48
43.144,-9.059999,-30.779999,-0.24
43.181,-9.3,-31.019999,-0.24
43.221,-8.58,-31.32,-0.48
43.265,-7.9199996,-30.9,0.0
43.281,-8.22,-30.599998,0.48
43.321,-9.059999,-30.119999,0.24
43.361,-8.34,-30.539999,-0.17999999
43.383,-8.16,-30.9,-0.06
43.428,-8.34,-30.359999,-0.96
43.462,-8.76,-30.96,-1.26
43.484,-8.34,-30.48,-1.14
43.521,-8.16,-30.72,0.24
43.563,-8.16,-30.779999,-0.29999998
43.582,-8.04,-31.38,-0.35999998
43.624,-8.5199995,-30.779999,0.48
43.663,-8.099999,-30.779999,-0.78
43.682,-7.98,-30.599998,-0.78
43.721,-8.94,-30.66,-0.12
43.761,-8.04,-30.48,-0.42
43.783,-8.28,-30.42,-0.29999998
43.821,-8.58,-29.939999,-0.48
43.862,-8.88,-31.019999,-0.24
43.882,-8.7,-30.84,-0.59999996
43.925,-9.12,-30.72,-0.53999996
43.962,-8.099999,-30.72,-0.17999999
44.002,-8.88,-30.539999,0.0
44.021,-8.7,-30.96,-0.06
44.063,-7.8599997,-30.84,-0.84
44.103,-8.22,-31.019999,-0.06
44.121,-7.7999997,-30.779999,-0.17999999
44.162,-8.46,-31.56,0.29999998
44.201,-8.28,-30.779999,0.06
44.221,-8.58,-30.539999,0.06
44.266,-9.059999,-30.96,0.71999997
44.302,-8.639999,-30.72,-0.29999998
44.323,-8.639999,-30.66,-0.24
44.365,-9.0,-30.3,0.29999998
44.407,-8.7,-30.3,0.48
44.422,-8.82,-30.539999,0.59999996
44.462,-9.179999,-31.08,0.29999998
44.501,-8.5199995,-31.199999,0.71999997
44.522,-8.76,-30.72,0.17999999
44.562,-8.28,-31.14,0.06
44.601,-9.0,-30.359999,0.0
44.621,-8.76,-30.3,0.53999996
44.666,-8.5199995,-30.359999,0.06
44.702,-8.4,-31.14,0.29999998
44.743,-8.4,-30.24,0.35999998
44.765,-8.7,-30.0,0.06
44.801,-8.34,-31.08,0.0
44.841,-8.04,-30.9,-0.78
44.864,-8.22,-30.779999,-0.65999997
44.901,-8.099999,-30.72,0.48
44.942,-7.7999997,-30.9,0.0
44.961,-8.04,-31.26,-0.06
45.002,-8.7,-30.599998,0.9
45.042,-7.7999997,-30.96,0.29999998
45.063,-7.7999997,-30.9,0.48
45.102,-8.5199995,-30.9,0.06
45.142,-9.059999,-30.96,0.59999996
45.163,-8.58,-30.599998,0.42
45.202,-8.7,-30.48,0.35999998
45.243,-8.58,-31.199999,0.71999997
45.261,-8.4,-31.14,0.78
45.302,-8.46,-30.9,0.78
45.342,-8.16,-30.72,0.59999996
45.362,-7.9199996,-30.779999,0.29999998
45.403,-8.7,-31.019999,1.4399999
45.443,-8.46,-30.72,0.65999997
45.462,-8.76,-30.96,1.38
45.502,-8.88,-30.84,0.71999997
45.543,-8.34,-30.119999,1.5
45.583,-8.46,-31.14,0.78
45.603,-8.16,-31.14,0.9
45.640,-7.74,-30.96,1.74
45.680,-7.3199997,-30.84,0.96
45.700,-7.56,-30.539999,1.3199999
45.741,-7.98,-31.74,0.9
45.781,-7.74,-30.9,0.9
45.800,-7.68,-31.019999,1.14
45.841,-8.4,-31.019999,0.78
45.881,-8.22,-30.779999,1.26
45.901,-8.76,-30.0,1.56
45.940,-8.099999,-31.26,1.14
45.982,-8.94,-30.66,0.59999996
46.002,-9.0,-30.539999,0.84
46.042,-8.46,-30.48,1.62
46.083,-8.4,-30.84,0.48
46.102,-8.16,-30.84,0.65999997
46.142,-8.22,-30.779999,1.14
46.181,-8.22,-30.66,1.0799999
46.201,-8.28,-31.14,0.96
46.244,-8.7,-30.66,0.59999996
46.281,-8.76,-30.359999,1.02
46.322,-8.639999,-30.96,1.02
46.342,-8.82,-30.96,1.8
46.380,-8.4,-31.08,0.78
46.420,-7.68,-31.439999,0.29999998
46.441,-8.16,-30.96,0.17999999
46.481,-7.74,-31.14,0.42
46.520,-7.8599997,-31.619999,0.24
46.540,-8.22,-31.74,0.29999998
46.581,-7.98,-31.199999,1.74
46.621,-7.08,-31.08,2.82
46.640,-7.02,-30.72,2.1599998
46.681,-8.34,-30.84,1.56
46.719,-7.98,-30.9,1.62
46.742,-8.46,-31.199999,1.92
46.780,-7.62,-30.779999,1.86
46.820,-8.28,-30.779999,1.9799999
46.840,-8.46,-30.599998,1.1999999
46.881,-8.16,-30.9,1.92
46.921,-8.34,-30.539999,1.74
46.959,-7.9199996,-30.84,1.0799999
46.981,-7.74,-31.08,1.5
47.020,-8.04,-31.019999,1.26
47.040,-8.34,-30.9,1.56
47.080,-7.3799996,-30.66,1.5
47.120,-8.4,-30.66,1.56
47.161,-7.9199996,-30.84,1.5
47.180,-8.099999,-30.66,1.4399999
47.222,-8.04,-31.019999,1.38
47.260,-7.74,-31.14,1.68
47.281,-7.3199997,-31.859999,1.1999999
47.320,-7.3799996,-31.98,1.86
47.360,-7.98,-31.8,1.3199999
47.381,-8.34,-31.32,1.74
47.419,-8.4,-30.599998,1.4399999
47.445,-8.22,-30.539999,1.92
47.480,-8.76,-31.14,0.9
47.520,-8.5199995,-30.66,1.5
47.560,-8.58,-31.019999,1.8
47.582,-8.4,-31.199999,1.38
47.620,-8.34,-30.9,2.1
47.647,-8.76,-30.84,1.62
47.698,-7.74,-30.72,1.92
47.721,-7.3799996,-31.5,1.38
47.763,-8.7,-31.5,2.46
47.780,-9.0,-31.26,2.1
47.820,-8.16,-31.08,2.46
47.860,-7.3199997,-31.619999,1.62
47.883,-6.18,-32.34,0.71999997
47.920,-4.38,-33.239998,-3.36
47.961,-4.98,-33.48,-2.9399998
47.983,-4.92,-33.3,-3.06
48.021,-4.38,-33.42,-3.54
48.061,-4.02,-34.079998,-3.8999999
48.084,-3.72,-34.559998,-4.08
48.120,-3.6599998,-33.899998,-3.48
48.159,-4.2599998,-34.38,-4.14
48.200,-4.8599997,-34.079998,-3.0
48.222,-4.68,-33.78,-3.1799998
48.260,-4.08,-33.54,-4.02
48.300,-4.92,-34.02,-4.38
48.320,-5.52,-34.02,-4.68
48.360,-4.8599997,-33.36,-3.12
48.399,-5.3399997,-33.12,-3.72
48.420,-4.8599997,-33.719997,-3.84
48.460,-4.62,-33.719997,-3.9599998
48.500,-4.7999997,-33.84,-4.02
48.519,-4.68,-34.2,-3.4199998
48.559,-4.7999997,-33.6,-2.22
48.600,-5.3399997,-34.8,-3.6599998
48.639,-5.8799996,-33.84,-4.02
48.661,-5.7,-34.14,-3.8999999
48.700,-6.96,-33.239998,-1.3199999
48.720,-7.62,-32.76,-0.29999998
48.759,-7.02,-33.18,-0.35999998
48.800,-6.8399997,-33.6,-1.02
48.840,-6.12,-33.48,-1.8
48.860,-6.2999997,-34.559998,-1.5
48.902,-6.42,-33.3,-0.65999997
48.939,-6.24,-33.66,-0.35999998
48.960,-6.66,-33.12,-0.42
48.999,-7.2599998,-34.02,0.0
49.041,-7.56,-32.399998,1.26
49.059,-8.16,-32.64,1.38
49.099,-8.82,-33.059998,1.56
49.140,-9.0,-32.64,1.38
49.159,-8.88,-33.059998,1.68
49.200,-8.5199995,-33.42,1.56
49.242,-8.22,-33.54,0.59999996
49.261,-8.4,-33.059998,1.02
49.300,-8.639999,-33.0,1.0799999
49.339,-8.46,-33.239998,1.9799999
49.360,-8.04,-33.6,1.4399999
49.400,-8.94,-32.7,1.4399999
49.441,-8.28,-32.82,0.84
49.461,-8.4,-33.0,1.3199999
49.501,-7.68,-33.6,0.48
49.540,-8.34,-32.94,0.84
49.562,-8.82,-32.46,0.78
49.604,-7.56,-32.88,0.0
49.643,-7.8599997,-33.18,1.1999999
49.661,-8.22,-33.12,1.62
49.701,-7.5,-33.12,1.1999999
49.741,-7.62,-33.0,1.02
49.763,-8.099999,-32.04,1.1999999
49.802,-7.9199996,-32.64,1.1999999
49.832,-8.76,-32.76,1.3199999
49.881,-8.4,-32.28,1.0799999
49.900,-8.46,-31.619999,0.71999997
49.940,-9.0,-32.52,1.38
49.981,-9.12,-32.52,1.26
50.000,-9.78,-32.52,0.84
50.040,-9.3,-32.46,0.59999996
50.081,-9.719999,-32.46,1.5
50.102,-9.66,-32.399998,1.62
50.140,-10.08,-32.52,0.84
50.180,-9.599999,-32.76,0.84
50.200,-10.0199995,-32.219997,0.71999997
50.240,-10.0199995,-32.579998,1.4399999
50.281,-9.9,-32.34,0.9
50.300,-10.32,-32.76,1.5
50.342,-11.04,-33.96,0.9
50.380,-10.92,-33.3,1.5
50.401,-11.219999,-33.54,1.26
50.441,-10.32,-34.26,1.0799999
50.481,-10.32,-34.8,1.74
50.501,-10.5,-35.16,2.04
50.540,-10.74,-36.3,1.38
50.579,-10.8,-37.38,1.5
50.620,-11.82,-36.239998,1.1999999
50.641,-11.759999,-36.84,1.38
50.680,-10.5,-37.559998,-0.12
50.720,-10.8,-38.579998,-0.42
50.743,-10.0199995,-38.76,0.06
50.782,-8.58,-39.239998,-1.4399999
50.822,-8.5199995,-39.719997,-1.56
50.842,-8.639999,-39.96,-1.86
50.883,-7.2,-39.54,-2.1599998
50.923,-7.02,-40.32,-3.1799998
50.950,-6.24,-40.079998,-2.46
50.987,-5.46,-39.6,-3.6
51.008,-4.62,-39.36,-4.2599998
51.045,-3.48,-39.18,-3.24
51.086,-2.22,-38.28,-3.84
51.110,-1.62,-38.219997,-4.02
51.148,-1.4399999,-37.62,-4.62
51.182,-0.53999996,-37.079998,-4.02
51.223,0.0,-36.66,-4.2
51.240,0.0,-36.54,-3.36
51.281,0.96,-35.52,-3.4199998
51.321,1.02,-35.64,-3.1799998
51.342,1.14,-35.46,-2.9399998
51.383,0.65999997,-33.78,-1.92
51.423,0.12,-34.02,0.0
51.443,0.65999997,-34.68,0.17999999
51.484,1.02,-34.32,0.53999996
51.523,-0.35999998,-34.32,1.38
51.544,0.29999998,-34.559998,1.14
51.583,-0.71999997,-34.079998,0.71999997
51.624,-0.96,-33.719997,1.56
51.663,-1.68,-33.6,1.9799999
51.683,-2.1599998,-33.18,1.4399999
51.723,-1.5,-33.239998,3.06
51.763,-1.86,-33.48,3.8999999
51.784,-2.58,-34.559998,4.02
51.822,-2.82,-33.18,3.3
51.864,-3.54,-33.239998,2.58
51.883,-2.82,-33.66,3.06
51.923,-3.6,-34.079998,4.7999997
51.963,-4.62,-34.26,5.04
51.983,-5.94,-34.68,4.68
52.023,-4.92,-35.46,4.2
52.064,-5.8799996,-35.579998,4.5
52.083,-6.12,-36.12,4.44
52.123,-5.8199997,-36.84,5.1
52.163,-6.12,-36.899998,4.92
52.183,-6.54,-37.2,4.7999997
52.222,-6.8999996,-37.14,4.3199997
52.263,-6.0,-37.559998,4.44
52.282,-5.94,-37.38,4.2599998
52.323,-5.4,-37.92,3.06
52.362,-4.92,-37.559998,3.1799998
52.385,-3.9599998,-37.5,2.8799999
52.422,-3.9599998,-37.14,2.1599998
52.463,-2.9399998,-37.38,1.9799999
52.504,-2.34,-36.899998,2.52
52.522,-1.56,-36.54,2.8799999
52.564,-0.9,-36.48,2.7
52.604,-1.5,-35.1,2.1599998
52.623,-0.96,-35.28,2.1599998
52.662,-0.59999996,-34.26,2.1
52.721,-0.78,-32.34,2.52
52.763,-0.9,-31.98,2.46
52.803,-1.86,-31.5,1.8
52.823,-1.56,-31.859999,1.86
52.863,-0.71999997,-32.04,-0.29999998
52.903,0.48,-33.78,-3.4199998
52.923,0.96,-34.02,-4.8599997
52.963,1.02,-34.38,-3.84
53.002,0.53999996,-32.82,-5.22
53.022,0.78,-33.54,-4.8599997
53.062,-0.35999998,-33.54,-4.98
53.103,0.24,-33.239998,-4.92
53.122,-0.29999998,-33.42,-5.04
53.163,0.59999996,-33.059998,-5.7599998
53.202,0.71999997,-34.26,-6.12
53.225,0.59999996,-33.66,-5.4
53.262,0.48,-33.899998,-6.72
53.302,1.68,-33.84,-7.08
53.344,1.92,-32.7,-6.8999996
53.363,2.04,-33.78,-6.66
53.404,0.96,-33.6,-6.42
53.443,1.9799999,-33.239998,-7.08
53.464,1.5,-33.18,-7.14
53.503,1.4399999,-32.76,-6.66
53.525,2.1,-32.579998,-6.18
53.564,2.3999999,-32.46,-6.12
53.604,3.48,-33.3,-5.8199997
53.645,3.0,-32.76,-5.94
53.664,2.58,-33.3,-6.06
53.705,1.26,-32.82,-4.7999997
53.745,0.06,-31.56,-2.58
53.765,0.12,-31.74,-2.28
53.803,-0.48,-30.779999,-3.0
53.828,-0.29999998,-30.599998,-1.9799999
53.865,-1.26,-30.9,-3.12
53.908,-1.26,-31.26,-3.48
53.946,-1.3199999,-31.8,-3.54
53.965,-0.96,-31.56,-3.84
54.007,-1.5,-31.56,-4.3199997
54.045,-1.9799999,-30.599998,-2.9399998
54.066,-1.8,-30.119999,-2.28
54.104,-0.17999999,-32.04,-6.2999997
54.144,3.48,-31.92,-11.5199995
54.165,3.72,-33.0,-13.38
54.204,4.5,-32.64,-14.7
54.246,4.7999997,-32.7,-16.8
54.265,5.22,-32.28,-16.08
54.305,5.64,-32.1,-17.1
54.344,6.3599997,-32.88,-17.279999
54.365,6.2999997,-32.94,-17.46
54.404,7.7999997,-32.76,-17.94
54.444,8.22,-33.42,-16.8
54.486,9.0,-34.62,-16.859999
54.505,9.179999,-34.62,-16.08
54.546,9.78,-34.38,-13.98
54.585,9.3,-33.78,-14.16
54.605,8.88,-34.2,-13.2
54.644,10.0199995,-34.44,-13.0199995
54.685,9.66,-33.42,-12.48
54.705,9.48,-33.36,-12.36
54.745,9.9,-33.84,-12.42
54.786,9.3,-33.78,-11.46
54.805,9.54,-33.78,-10.98
54.847,10.559999,-33.12,-9.36
54.886,9.54,-33.18,-8.28
54.906,9.12,-32.88,-8.46
54.945,8.58,-33.42,-7.8599997
54.985,8.58,-32.76,-7.9199996
55.005,8.82,-33.48,-7.7999997
55.045,8.16,-32.7,-6.8999996
55.086,8.04,-32.399998,-6.06
55.105,7.56,-32.16,-6.0
55.145,6.54,-32.46,-5.64
55.185,7.14,-33.42,-6.42
55.206,6.66,-33.54,-6.2999997
55.245,6.0,-32.64,-5.58
55.284,5.3399997,-32.46,-5.2799997
55.326,5.4,-32.94,-4.2
55.345,5.04,-32.34,-4.3199997
55.385,3.84,-32.579998,-2.6399999
55.425,3.78,-33.42,-3.4199998
55.445,3.6,-34.44,-3.1799998
55.485,3.0,-33.84,-2.58
55.525,3.6,-34.079998,-2.1599998
55.545,3.24,-34.14,-2.28
55.586,3.36,-33.96,-2.9399998
55.626,2.28,-34.68,-2.22
55.644,2.58,-34.44,-2.22
55.686,2.3999999,-34.8,-3.24
55.725,2.82,-35.28,-2.34
55.746,3.0,-35.04,-2.28
55.785,1.9799999,-34.98,-2.28
55.825,2.28,-35.579998,-1.62
55.847,2.3999999,-35.16,-2.04
55.886,2.1,-36.0,-1.86
55.926,1.9799999,-36.36,-1.4399999
55.945,2.22,-36.42,-1.68
55.986,2.1599998,-35.88,-1.86
56.025,2.76,-36.239998,-2.04
56.048,2.52,-36.48,-1.62
56.085,2.3999999,-36.059998,-1.1999999
56.124,1.74,-37.14,-1.02
56.147,1.0799999,-36.239998,-0.06
56.189,1.4399999,-35.16,2.04
56.236,-0.12,-35.28,1.62
56.258,0.17999999,-36.18,1.74
56.288,0.96,-35.399998,2.52
56.328,0.35999998,-35.64,1.68
56.348,0.06,-36.48,1.3199999
56.390,1.02,-34.98,1.9799999
56.430,0.84,-35.1,1.9799999
56.448,0.53999996,-35.76,1.86
56.487,-0.29999998,-34.92,2.1599998
56.542,-0.17999999,-35.28,3.36
56.566,0.12,-34.8,3.3
56.587,-0.12,-34.62,3.1799998
56.626,0.24,-34.98,3.1799998
56.666,-0.24,-34.86,3.8999999
56.686,-0.96,-34.5,3.06
56.726,-0.06,-34.62,2.7
56.767,-0.65999997,-33.66,2.9399998
56.787,-0.12,-34.02,3.06
56.827,-0.12,-34.5,3.48
56.866,-0.29999998,-34.32,2.52
56.887,0.24,-34.38,3.06
56.926,-0.24,-34.38,3.0
56.966,-0.48,-33.719997,3.6599998
56.986,-0.59999996,-33.84,3.6599998
57.026,-1.86,-33.18,3.8999999
57.067,-1.38,-33.6,3.4199998
57.106,-0.59999996,-33.84,3.48
57.127,-0.71999997,-33.84,2.8799999
57.168,-2.58,-32.7,5.8799996
57.188,-2.8799999,-32.04,6.06
57.229,-2.28,-32.1,6.18
57.269,-3.0,-31.92,6.54
57.308,-3.6,-32.219997,5.52
57.326,-3.6599998,-32.1,5.7599998
57.369,-2.76,-32.219997,5.64
57.407,-2.82,-32.1,4.74
57.428,-2.52,-32.28,4.98
57.466,-2.28,-32.04,4.44
57.507,-2.34,-32.28,4.98
57.526,-2.6399999,-32.04,5.4
57.566,-2.22,-31.439999,4.5
57.607,-3.06,-32.34,4.8599997
57.628,-3.6,-32.28,4.2
57.668,-3.6599998,-32.94,4.7999997
57.706,-3.78,-32.28,4.62
57.744,-3.36,-32.399998,4.92
57.766,-2.76,-33.239998,4.74
57.806,-3.36,-32.28,5.64
57.826,-3.6599998,-32.1,5.7599998
57.866,-4.3199997,-32.7,5.58
57.907,-3.6,-33.12,5.7
57.946,-4.14,-32.46,5.7
57.968,-4.08,-32.579998,5.7
58.006,-3.4199998,-32.82,6.06
58.046,-4.38,-33.059998,5.64
58.067,-4.2599998,-32.52,5.2799997
58.106,-4.92,-32.94,5.94
58.147,-4.2599998,-32.219997,6.66
58.167,-4.14,-32.52,6.12
58.207,-4.44,-32.399998,6.2999997
58.245,-4.74,-33.18,7.8599997
58.266,-4.62,-32.76,8.34
58.306,-4.8599997,-32.52,7.3199997
58.346,-4.62,-32.46,7.2
58.366,-4.74,-32.64,7.5
58.406,-4.62,-32.399998,5.94
58.448,-4.3199997,-32.76,6.42
58.467,-4.14,-32.579998,6.3599997
58.508,-4.14,-32.7,6.6
58.547,-4.74,-32.88,6.42
58.568,-4.62,-33.059998,7.08
58.607,-4.3199997,-33.059998,7.68
58.647,-5.4,-32.579998,6.66
58.668,-5.3399997,-32.579998,6.48
58.707,-5.46,-32.52,7.14
58.749,-5.22,-32.52,8.58
58.768,-5.58,-32.46,7.7999997
58.809,-5.46,-32.64,7.3799996
58.848,-5.52,-33.059998,6.3599997
58.869,-6.42,-32.46,6.24
58.908,-4.56,-32.579998,7.08
58.948,-5.04,-32.88,6.7799997
58.968,-4.5,-33.059998,6.7799997
59.009,-5.58,-32.76,7.2599998
59.049,-4.8599997,-32.88,6.54
59.089,-5.04,-32.7,6.48
59.109,-5.3399997,-33.36,6.96
59.148,-6.12,-32.7,7.3199997
59.171,-6.2999997,-32.579998,7.02
59.208,-5.7599998,-32.64,7.14
59.248,-4.74,-33.12,6.8999996
59.288,-5.16,-33.48,6.6
59.312,-4.92,-33.12,6.48
59.348,-4.8599997,-33.18,6.66
59.389,-5.46,-32.76,7.2
59.409,-5.22,-32.76,7.2
59.451,-5.8799996,-32.82,7.3799996
59.473,-6.18,-32.1,7.14
59.511,-6.0,-32.94,7.08
59.552,-6.0,-33.059998,7.2599998
59.574,-5.94,-33.18,7.68
59.615,-5.8199997,-33.239998,6.96
59.657,-5.4,-32.219997,7.9199996
59.680,-5.46,-32.82,6.8999996
59.716,-5.52,-31.98,7.74
59.751,-6.06,-32.34,7.2599998
59.791,-5.7599998,-32.94,8.46
59.810,-5.8799996,-33.18,8.34
59.851,-5.2799997,-31.679998,7.7999997
59.891,-6.06,-33.059998,7.9199996
59.910,-5.58,-33.3,7.98
59.951,-4.98,-32.82,7.9199996
59.990,-5.58,-33.0,7.7999997
